0.00 0.89 0.50
0.02 0.20 0.50
0.04 0.50 0.50
0.06 1.13 0.50
0.08 0.95 0.50
0.10 -0.47 0.50
0.12 0.50 0.50
0.14 -0.05 0.50
0.16 -0.01 0.50
0.18 0.26 0.50
0.20 0.14 0.50
0.22 0.82 0.50
0.24 0.52 0.50
0.26 0.26 0.50
0.28 0.52 0.50
0.30 0.62 0.50
0.32 1.44 0.50
0.34 0.96 0.50
0.36 1.77 0.50
0.38 1.99 0.50
0.40 2.24 0.50
0.42 5.30 0.50
0.44 7.24 0.50
0.46 8.64 0.50
0.48 12.64 0.50
0.51 13.42 0.50
0.53 16.80 0.50
0.55 19.06 0.50
0.57 21.83 0.50
0.59 23.07 0.50
0.61 22.93 0.50
0.63 22.78 0.50
0.65 21.19 0.50
0.67 19.14 0.50
0.69 18.10 0.50
0.71 16.39 0.50
0.73 15.03 0.50
0.75 13.35 0.50
0.77 11.20 0.50
0.79 10.25 0.50
0.81 9.22 0.50
0.83 8.67 0.50
0.85 8.38 0.50
0.87 10.23 0.50
0.89 9.11 0.50
0.91 9.31 0.50
0.93 9.07 0.50
0.95 10.23 0.50
0.97 9.14 0.50
0.99 9.90 0.50
1.01 9.55 0.50
1.03 10.12 0.50
1.05 9.54 0.50
1.07 9.02 0.50
1.09 9.35 0.50
1.11 9.27 0.50
1.13 8.74 0.50
1.15 8.47 0.50
1.17 7.58 0.50
1.19 7.27 0.50
1.21 6.64 0.50
1.23 6.31 0.50
1.25 5.60 0.50
1.27 4.65 0.50
1.29 5.12 0.50
1.31 4.36 0.50
1.33 3.30 0.50
1.35 3.91 0.50
1.37 2.82 0.50
1.39 2.92 0.50
1.41 2.90 0.50
1.43 2.28 0.50
1.45 2.48 0.50
1.47 1.03 0.50
1.49 1.61 0.50
1.52 0.85 0.50
1.54 0.57 0.50
1.56 0.56 0.50
1.58 0.55 0.50
1.60 0.61 0.50
1.62 -0.10 0.50
1.64 0.84 0.50
1.66 0.55 0.50
1.68 -0.51 0.50
1.70 0.95 0.50
1.72 1.11 0.50
1.74 0.72 0.50
1.76 0.01 0.50
1.78 -0.46 0.50
1.80 0.59 0.50
1.82 -0.15 0.50
1.84 0.65 0.50
1.86 0.13 0.50
1.88 0.51 0.50
1.90 0.19 0.50
1.92 0.36 0.50
1.94 0.01 0.50
1.96 0.90 0.50
1.98 0.07 0.50
2.00 0.20 0.50
